calibration routine output (44 samples)

('D = ', [0.002624090892708496, -0.03277726748257544, -4.436715911242784e-06, 3.8336388327687254e-05, 0.0])
('K = ', [1034.4717592354982, 0.0, 319.79413524758064, 0.0, 1034.3383796458256, 239.01107662518973, 0.0, 0.0, 1.0])
('R = ', [1.0, 0.0, 0.0, 0.0, 1.0, 0.0, 0.0, 0.0, 1.0])
('P = ', [1032.8046875, 0.0, 319.3056770574767, 0.0, 0.0, 1032.231201171875, 238.5122923857998, 0.0, 0.0, 0.0, 1.0, 0.0])
None
# oST version 5.0 parameters


[image]

width
640

height
480

[narrow_stereo]

camera matrix
1034.471759 0.000000 319.794135
0.000000 1034.338380 239.011077
0.000000 0.000000 1.000000

distortion
0.002624 -0.032777 -0.000004 0.000038 0.000000

rectification
1.000000 0.000000 0.000000
0.000000 1.000000 0.000000
0.000000 0.000000 1.000000

projection
1032.804688 0.000000 319.305677 0.000000
0.000000 1032.231201 238.512292 0.000000
0.000000 0.000000 1.000000 0.000000

------------------- output of cam params--------
rostopic echo simple_camera/camera_info

height: 480
width: 640
distortion_model: plumb_bob
D: [0.0, 0.0, 0.0, 0.0, 0.0]
K: [1034.4730060050647, 0.0, 320.5, 0.0, 1034.4730060050647, 240.5, 0.0, 0.0, 1.0]
R: [1.0, 0.0, 0.0, 0.0, 1.0, 0.0, 0.0, 0.0, 1.0]
P: [1034.4730060050647, 0.0, 320.5, -0.0, 0.0, 1034.4730060050647, 240.5, 0.0, 0.0, 0.0, 1.0, 0.0]

see: 
http://docs.opencv.org/2.4/doc/tutorials/calib3d/camera_calibration/camera_calibration.html

http://docs.opencv.org/2.4/modules/calib3d/doc/camera_calibration_and_3d_reconstruction.html

